1  1  4865.67049841
2  2  799.766980516
3  3  267.547500132
4  4  121.826856915
5  5  602.485774537
6  6  373.108842704
7  7  247.466703594
8  8  172.642602887
9  9  125.05116557
10  10  93.4011552395
11  11  71.5854549216
12  12  56.0677933214
13  13  44.7297389979
14  14  36.2537660159
15  15  29.7909887729
16  16  24.777764184
17  17  20.8301162699
18  18  17.6798411994
19  19  15.135682927
20  20  13.0587995031
21  21  11.3468685398
22  22  9.9235838667
23  23  8.73095445564
24  24  7.7243252757
25  25  6.86895630074
26  26  6.13756283046
27  27  5.50852517303
28  28  4.96457057251
29  29  4.49179242223
30  30  4.07891314975
31  31  3.71673836199
32  32  3.39775517099
33  33  3.11574517255
34  34  2.8655229997
35  35  2.64274378216
36  36  2.44375009839
37  37  2.26544963175
38  38  2.10521684107
39  39  1.9608135212
40  40  1.83032430487
41  41  1.71210738478
42  42  1.6047588405
43  43  1.50706365615
44  44  1.41796423181
45  45  1.33653747091
46  46  1.26197553711
47  47  1.19356964388
48  48  1.13069635856
49  49  1.0728059972
50  50  1.0194127635
51  51  0.970086223831
52  52  0.924443834137
53  53  0.88214526269
54  54  0.842887206717
55  55  0.806398809947
56  56  0.772437711051
57  57  0.74078662787
58  58  0.711250397848
59  59  0.683653407886
60  60  0.657837357393
61  61  0.63365904628
62  62  0.610988010263
63  63  0.589705992748
64  64  0.569705863727
65  65  0.550890413286
66  66  0.533171292295
67  67  0.516468080405
68  68  0.50070746444
69  69  0.485822512719
70  70  0.471752032894
71  71  0.458440002679
72  72  0.445835064281
73  73  0.433890074655
74  74  0.422561704725
75  75  0.411810081682
76  76  0.401598469199
77  77  0.391892981113
78  78  0.382662324688
79  79  0.373877570048
80  80  0.365511942839
81  81  0.357540407631
82  82  0.349938881965
83  83  0.342684886179
84  84  0.3357576271
85  85  0.329137849155
86  86  0.322807700491
87  87  0.316750612412
88  88  0.310951190665
89  89  0.305395117252
90  90  0.300069061638
91  91  0.29496060035
92  92  0.290058144064
93  93  0.285350871415
94  94  0.28082866882
95  95  0.276482075717
96  96  0.272302234649
97  97  0.268280845746
98  98  0.264410125131
99  99  0.260682766902
100  100  0.257091908329
101  101  0.253631037301
102  102  0.250293794538
103  103  0.247074150286
104  104  0.243966439866
105  105  0.24096533739
106  106  0.238065831657
107  107  0.235263204025
108  108  0.23255300807
109  109  0.229931050887
110  110  0.227393375862
111  111  0.2249362468
112  112  0.222556133285
113  113  0.220249697156
114  114  0.218013780016
115  115  0.215845391678
116  116  0.213741699466
117  117  0.211700018305
118  118  0.209717801531
119  119  0.207792632367
120  120  0.205922215998
121  121  0.204104372216
122  122  0.202337028571
123  123  0.200618214
124  124  0.19894605289
125  125  0.197318759547
126  126  0.195734633033
127  127  0.19419205235
128  128  0.19268947194
129  129  0.191225417478
130  130  0.189798481938
131  131  0.188407321915
132  132  0.187050654173
133  133  0.185727252417
134  134  0.184435944262
135  135  0.183175608393
136  136  0.181945171898
137  137  0.180743607759
138  138  0.179569932501
139  139  0.178423203976
140  140  0.177302519278
141  141  0.176207012787
142  142  0.175135854318
143  143  0.174088247381
144  144  0.173063427543
145  145  0.172060660877
146  146  0.171079242503
147  147  0.170118495209
148  148  0.169177768148
149  149  0.168256435607
150  150  0.167353895841
151  151  0.166469570899
152  152  0.165602908246
153  153  0.164753376814
154  154  0.163920465132
155  155  0.163103680459
156  156  0.16230254796
157  157  0.161516609924
158  158  0.160745425025
159  159  0.159988567616
160  160  0.159245627065
161  161  0.158516207112
162  162  0.157799925275
163  163  0.157096412268
164  164  0.156405311458
165  165  0.155726278346
166  166  0.155058980073
167  167  0.154403094946
168  168  0.153758311989
169  169  0.15312433052
170  170  0.152500859738
171  171  0.151887618339
172  172  0.151284334138
173  173  0.150690743724
174  174  0.150106592115
175  175  0.149531632438
176  176  0.148965625621
177  177  0.148408340098
178  178  0.147859551529
179  179  0.147319042528
180  180  0.146786602407
181  181  0.146262026931
182  182  0.145745118082
183  183  0.14523568383
184  184  0.144733537923
185  185  0.144238499675
186  186  0.143750393771
187  187  0.143269050075
188  188  0.14279430345
189  189  0.142325993581
190  190  0.141863964811
191  191  0.141408065977
192  192  0.140958150256
193  193  0.140514075023
194  194  0.140075701699
195  195  0.139642895623
196  196  0.139215525918
197  197  0.138793465364
198  198  0.13837659028
199  199  0.137964780404
200  200  0.137557918785
201  201  0.13715589444
202  202  0.136758610331
203  203  0.136365974571
204  204  0.135977897529
205  205  0.135594291762
206  206  0.13521507195
207  207  0.134840154834
208  208  0.134469459159
209  209  0.134102905607
210  210  0.13374041675
211  211  0.133381916992
212  212  0.133027332513
213  213  0.132676591225
214  214  0.132329622719
215  215  0.131986358216
216  216  0.131646730525
217  217  0.131310673998
218  218  0.130978124484
219  219  0.130649019291
220  220  0.130323297145
221  221  0.130000898149
222  222  0.12968176375
223  223  0.129365836697
224  224  0.129053061012
225  225  0.128743381949
226  226  0.128436745967
227  227  0.128133100697
228  228  0.127832394906
229  229  0.127534578474
230  230  0.12723960236
231  231  0.126947418577
232  232  0.126657980162
233  233  0.12637124115
234  234  0.126087156552
235  235  0.125805682325
236  236  0.12552677535
237  237  0.12525039341
238  238  0.124976495165
239  239  0.124705040131
240  240  0.124435988659
241  241  0.124169301912
242  242  0.12390494185
243  243  0.123642871204
244  244  0.123383053461
245  245  0.123125452845
246  246  0.122870034298
247  247  0.122616763464
248  248  0.122365606671
249  249  0.122116530914
250  250  0.121869503842
251  251  0.121624493738
252  252  0.121381469509
253  253  0.121140400666
254  254  0.120901257315
255  255  0.120664010138
256  256  0.120428630384
257  257  0.120195089854
258  258  0.119963360887
259  259  0.119733416349
260  260  0.119505229623
261  261  0.119278774591
262  262  0.119054025631
263  263  0.118830957598
264  264  0.118609545818
265  265  0.118389766077
266  266  0.118171594609
267  267  0.117955008085
268  268  0.117739983609
269  269  0.117526498701
270  270  0.117314531294
271  271  0.11710405972
272  272  0.116895062706
273  273  0.116687519362
274  274  0.116481409174
275  275  0.116276711995
276  276  0.116073408038
277  277  0.11587147787
278  278  0.1156709024
279  279  0.115471662876
280  280  0.115273740874
281  281  0.115077118296
282  282  0.114881777358
283  283  0.114687700588
284  284  0.114494870814
285  285  0.114303271165
286  286  0.114112885058
287  287  0.113923696195
288  288  0.113735688559
289  289  0.113548846405
290  290  0.113363154255
291  291  0.113178596894
292  292  0.112995159364
293  293  0.11281282696
294  294  0.112631585221
295  295  0.11245141993
296  296  0.112272317107
297  297  0.112094263002
298  298  0.111917244095
299  299  0.111741247089
300  300  0.111566258904
301  301  0.11139226707
302  302  0.111219260882
303  303  0.111047230179
304  304  0.110876164943
305  305  0.110706055296
306  306  0.110536891498
307  307  0.110368663944
308  308  0.110201363162
309  309  0.110034979811
310  310  0.109869504678
311  311  0.109704928677
312  312  0.109541242844
313  313  0.10937843834
314  314  0.109216506443
315  315  0.109055438552
316  316  0.108895226178
317  317  0.108735860948
318  318  0.108577334603
319  319  0.10841963899
320  320  0.108262766068
321  321  0.1081067079
322  322  0.107951456655
323  323  0.107797004605
324  324  0.107643344122
325  325  0.10749046768
326  326  0.10733836785
327  327  0.107187037297
328  328  0.107036468786
329  329  0.106886655171
330  330  0.106737589399
331  331  0.106589264509
332  332  0.106441673626
333  333  0.106294809966
334  334  0.106148666828
335  335  0.106003237598
336  336  0.105858515744
337  337  0.105714494817
338  338  0.105571168448
339  339  0.105428530348
340  340  0.105286574306
341  341  0.105145294189
342  342  0.105004683939
343  343  0.104864737572
344  344  0.104725449181
345  345  0.104586812927
346  346  0.104448823045
347  347  0.104311473839
348  348  0.104174759683
349  349  0.104038675019
350  350  0.103903214357
351  351  0.10376837227
352  352  0.103634143399
353  353  0.103500522448
354  354  0.103367504185
355  355  0.103235083439
356  356  0.103103255101
357  357  0.102972014122
358  358  0.102841355513
359  359  0.102711274343
360  360  0.102581765739
361  361  0.102452824885
362  362  0.102324447021
363  363  0.102196627442
364  364  0.102069361497
365  365  0.101942644592
366  366  0.10181647218
367  367  0.101690839771
368  368  0.101565742924
369  369  0.101441177251
370  370  0.10131713841
371  371  0.101193622111
372  372  0.101070624113
373  373  0.10094814022
374  374  0.100826166287
375  375  0.100704698212
376  376  0.10058373194
377  377  0.100463263462
378  378  0.100343288814
379  379  0.100223804072
380  380  0.100104805361
381  381  0.0999862888446
382  382  0.0998682507299
383  383  0.0997506872657
384  384  0.0996335947415
385  385  0.0995169694873
386  386  0.0994008078731
387  387  0.0992851063079
388  388  0.0991698612399
389  389  0.0990550691552
390  390  0.0989407265778
391  391  0.0988268300691
392  392  0.098713376227
393  393  0.0986003616858
394  394  0.0984877831154
395  395  0.0983756372211
396  396  0.0982639207431
397  397  0.0981526304558
398  398  0.0980417631677
399  399  0.0979313157204
400  400  0.097821284989
