 1  1  4077.018 
 2  2  617.3405 
 3  3  192.843 
 4  4  82.77487 
 5  5  42.59233 
 6  6  24.6412 
 7  7  15.4959 
 8  8  10.37331 
 9  9  7.296726 
 10  10  5.329818 
 11  11  4.052394 
 12  12  3.157646 
 13  13  2.511915 
 14  14  2.033978 
 15  15  1.6725 
 16  16  1.419174 
 17  17  1.217132 
 18  18  1.053824 
 19  19  .9202458 
 20  20  .8098186 
 21  21  .7367353 
 22  22  .6735055 
 23  23  .6184378 
 24  24  .5701878 
 25  25  .5276769 
 26  26  .490031 
 27  27  .4565365 
 28  28  .4266056 
 29  29  .3997506 
 30  30  .3755647 
 31  31  .361205 
 32  32  .3478757 
 33  33  .3354738 
 34  34  .3239094 
 35  35  .3131035 
 36  36  .3029867 
 37  37  .2934974 
 38  38  .2845814 
 39  39  .2761899 
 40  40  .2682799 
 41  41  .2633124 
 42  42  .2585635 
 43  43  .2540185 
 44  44  .2496641 
 45  45  .2454884 
 46  46  .2414801 
 47  47  .2376293 
 48  48  .2339264 
 49  49  .2303628 
 50  50  .2269307 
 51  51  .2245321 
 52  52  .2222072 
 53  53  .2199522 
 54  54  .2177639 
 55  55  .215639 
 56  56  .2135747 
 57  57  .2115682 
 58  58  .2096168 
 59  59  .2077181 
 60  60  .2058699 
 61  61  .2045191 
 62  62  .2031994 
 63  63  .2019096 
 64  64  .2006487 
 65  65  .1994155 
 66  66  .198209 
 67  67  .1970282 
 68  68  .1958722 
 69  69  .1947401 
 70  70  .1936312 
 71  71  .1925445 
 72  72  .1914794 
 73  73  .1904351 
 74  74  .189411 
 75  75  .1884063 
 76  76  .1874206 
 77  77  .186453 
 78  78  .1855032 
 79  79  .1845706 
 80  80  .1836545 
 81  81  .1829089 
 82  82  .1821755 
 83  83  .181454 
 84  84  .180744 
 85  85  .1800451 
 86  86  .1793572 
 87  87  .1786799 
 88  88  .1780129 
 89  89  .1773559 
 90  90  .1767088 
 91  91  .1760712 
 92  92  .1754428 
 93  93  .1748235 
 94  94  .1742131 
 95  95  .1736112 
 96  96  .1730178 
 97  97  .1724325 
 98  98  .1718553 
 99  99  .1712859 
 100  100  .1707241 
 101  101  .1701971 
 102  102  .169677 
 103  103  .1691635 
 104  104  .1686565 
 105  105  .168156 
 106  106  .1676616 
 107  107  .1671732 
 108  108  .1666909 
 109  109  .1662143 
 110  110  .1657435 
 111  111  .1652783 
 112  112  .1648185 
 113  113  .1643641 
 114  114  .1639149 
 115  115  .1634709 
 116  116  .1630319 
 117  117  .1625979 
 118  118  .1621687 
 119  119  .1617442 
 120  120  .1613244 
 121  121  .1609092 
 122  122  .1604985 
 123  123  .1600921 
 124  124  .1596901 
 125  125  .1592923 
 126  126  .1588986 
 127  127  .158509 
 128  128  .1581235 
 129  129  .1577418 
 130  130  .1573641 
 131  131  .1569901 
 132  132  .1566199 
 133  133  .1562533 
 134  134  .1558903 
 135  135  .1555309 
 136  136  .1551749 
 137  137  .1548223 
 138  138  .1544732 
 139  139  .1541273 
 140  140  .1537847 
 141  141  .1534452 
 142  142  .153109 
 143  143  .1527758 
 144  144  .1524456 
 145  145  .1521184 
 146  146  .1517943 
 147  147  .151473 
 148  148  .1511545 
 149  149  .1508389 
 150  150  .150526 
 151  151  .1501995 
 152  152  .1498758 
 153  153  .1495549 
 154  154  .1492368 
 155  155  .1489214 
 156  156  .1486088 
 157  157  .1482987 
 158  158  .1479913 
 159  159  .1476864 
 160  160  .1473841 
 161  161  .1470843 
 162  162  .146787 
 163  163  .146492 
 164  164  .1461995 
 165  165  .1459093 
 166  166  .1456214 
 167  167  .1453359 
 168  168  .1450526 
 169  169  .1447715 
 170  170  .1444926 
 171  171  .1442159 
 172  172  .1439413 
 173  173  .1436689 
 174  174  .1433985 
 175  175  .1431301 
 176  176  .1428639 
 177  177  .1425996 
 178  178  .1423372 
 179  179  .1420769 
 180  180  .1418184 
 181  181  .1415619 
 182  182  .1413072 
 183  183  .1410544 
 184  184  .1408034 
 185  185  .1405542 
 186  186  .1403068 
 187  187  .1400611 
 188  188  .1398172 
 189  189  .139575 
 190  190  .1393345 
 191  191  .1390957 
 192  192  .1388585 
 193  193  .1386229 
 194  194  .138389 
 195  195  .1381567 
 196  196  .1379259 
 197  197  .1376967 
 198  198  .1374691 
 199  199  .1372429 
 200  200  .1370183 
 201  201  .1367757 
 202  202  .1365348 
 203  203  .1362955 
 204  204  .1360577 
 205  205  .1358216 
 206  206  .135587 
 207  207  .135354 
 208  208  .1351224 
 209  209  .1348924 
 210  210  .1346638 
 211  211  .1344368 
 212  212  .1342112 
 213  213  .133987 
 214  214  .1337642 
 215  215  .1335428 
 216  216  .1333229 
 217  217  .1331043 
 218  218  .1328871 
 219  219  .1326712 
 220  220  .1324566 
 221  221  .1322434 
 222  222  .1320315 
 223  223  .1318208 
 224  224  .1316115 
 225  225  .1314034 
 226  226  .1311965 
 227  227  .1309909 
 228  228  .1307865 
 229  229  .1305834 
 230  230  .1303814 
 231  231  .1301806 
 232  232  .129981 
 233  233  .1297825 
 234  234  .1295852 
 235  235  .129389 
 236  236  .129194 
 237  237  .1290001 
 238  238  .1288073 
 239  239  .1286156 
 240  240  .1284249 
 241  241  .1282354 
 242  242  .1280469 
 243  243  .1278594 
 244  244  .127673 
 245  245  .1274876 
 246  246  .1273033 
 247  247  .12712 
 248  248  .1269376 
 249  249  .1267563 
 250  250  .126576 
 251  251  .1263966 
 252  252  .1262182 
 253  253  .1260407 
 254  254  .1258642 
 255  255  .1256886 
 256  256  .125514 
 257  257  .1253403 
 258  258  .1251675 
 259  259  .1249956 
 260  260  .1248246 
 261  261  .1246545 
 262  262  .1244853 
 263  263  .1243169 
 264  264  .1241494 
 265  265  .1239828 
 266  266  .123817 
 267  267  .1236521 
 268  268  .123488 
 269  269  .1233247 
 270  270  .1231622 
 271  271  .1230006 
 272  272  .1228398 
 273  273  .1226797 
 274  274  .1225205 
 275  275  .122362 
 276  276  .1222043 
 277  277  .1220474 
 278  278  .1218913 
 279  279  .1217359 
 280  280  .1215813 
 281  281  .1214274 
 282  282  .1212743 
 283  283  .1211219 
 284  284  .1209702 
 285  285  .1208192 
 286  286  .120669 
 287  287  .1205195 
 288  288  .1203706 
 289  289  .1202225 
 290  290  .1200751 
 291  291  .1199283 
 292  292  .1197823 
 293  293  .1196369 
 294  294  .1194922 
 295  295  .1193481 
 296  296  .1192047 
 297  297  .119062 
 298  298  .1189199 
 299  299  .1187784 
 300  300  .1186377 
 301  301  .118485 
 302  302  .118333 
 303  303  .1181817 
 304  304  .1180311 
 305  305  .1178812 
 306  306  .117732 
 307  307  .1175834 
 308  308  .1174356 
 309  309  .1172884 
 310  310  .1171418 
 311  311  .1169959 
 312  312  .1168506 
 313  313  .116706 
 314  314  .1165621 
 315  315  .1164187 
 316  316  .116276 
 317  317  .116134 
 318  318  .1159925 
 319  319  .1158517 
 320  320  .1157114 
 321  321  .1155718 
 322  322  .1154328 
 323  323  .1152944 
 324  324  .1151565 
 325  325  .1150193 
 326  326  .1148826 
 327  327  .1147465 
 328  328  .1146111 
 329  329  .1144761 
 330  330  .1143417 
 331  331  .1142079 
 332  332  .1140747 
 333  333  .113942 
 334  334  .1138099 
 335  335  .1136783 
 336  336  .1135473 
 337  337  .1134168 
 338  338  .1132868 
 339  339  .1131574 
 340  340  .1130285 
 341  341  .1129001 
 342  342  .1127722 
 343  343  .1126449 
 344  344  .112518 
 345  345  .1123917 
 346  346  .1122659 
 347  347  .1121406 
 348  348  .1120158 
 349  349  .1118915 
 350  350  .1117677 
 351  351  .1116444 
 352  352  .1115215 
 353  353  .1113991 
 354  354  .1112773 
 355  355  .1111559 
 356  356  .1110349 
 357  357  .1109145 
 358  358  .1107945 
 359  359  .110675 
 360  360  .1105559 
 361  361  .1104373 
 362  362  .1103191 
 363  363  .1102014 
 364  364  .1100842 
 365  365  .1099674 
 366  366  .109851 
 367  367  .1097351 
 368  368  .1096196 
 369  369  .1095045 
 370  370  .1093899 
 371  371  .1092757 
 372  372  .109162 
 373  373  .1090486 
 374  374  .1089357 
 375  375  .1088232 
 376  376  .1087111 
 377  377  .1085994 
 378  378  .1084881 
 379  379  .1083773 
 380  380  .1082668 
 381  381  .1081568 
 382  382  .1080471 
 383  383  .1079379 
 384  384  .107829 
 385  385  .1077206 
 386  386  .1076125 
 387  387  .1075048 
 388  388  .1073975 
 389  389  .1072906 
 390  390  .107184 
 391  391  .1070779 
 392  392  .1069721 
 393  393  .1068667 
 394  394  .1067616 
 395  395  .106657 
 396  396  .1065526 
 397  397  .1064487 
 398  398  .1063451 
 399  399  .1062419 
 400  400  .1061391 
