 1  1  3753.159 
 2  2  562.9827 
 3  3  175.1671 
 4  4  75.02361 
 5  5  38.55061 
 6  6  22.28495 
 7  7  14.01074 
 8  8  9.37709 
 9  9  6.599281 
 10  10  4.822509 
 11  11  3.673259 
 12  12  2.866953 
 13  13  2.28415 
 14  14  1.852163 
 15  15  1.524993 
 16  16  1.297631 
 17  17  1.115858 
 18  18  .968589 
 19  19  .8478572 
 20  20  .7478305 
 21  21  .6824678 
 22  22  .6257811 
 23  23  .5762947 
 24  24  .5328341 
 25  25  .4944555 
 26  26  .4603927 
 27  27  .4300192 
 28  28  .4028182 
 29  29  .3783603 
 30  30  .3562869 
 31  31  .3433508 
 32  32  .3313248 
 33  33  .320119 
 34  34  .3096547 
 35  35  .2998628 
 36  36  .2906822 
 37  37  .2820593 
 38  38  .273946 
 39  39  .2662998 
 40  40  .2590827 
 41  41  .2545565 
 42  42  .2502258 
 43  43  .2460775 
 44  44  .2421001 
 45  45  .2382827 
 46  46  .2346156 
 47  47  .2310897 
 48  48  .2276967 
 49  49  .224429 
 50  50  .2212794 
 51  51  .2190641 
 52  52  .2169157 
 53  53  .214831 
 54  54  .212807 
 55  55  .2108408 
 56  56  .2089298 
 57  57  .2070713 
 58  58  .2052632 
 59  59  .2035032 
 60  60  .2017892 
 61  61  .2005203 
 62  62  .1992802 
 63  63  .198068 
 64  64  .1968826 
 65  65  .1957229 
 66  66  .1945881 
 67  67  .1934772 
 68  68  .1923894 
 69  69  .1913239 
 70  70  .1902799 
 71  71  .1892566 
 72  72  .1882534 
 73  73  .1872696 
 74  74  .1863046 
 75  75  .1853578 
 76  76  .1844286 
 77  77  .1835163 
 78  78  .1826206 
 79  79  .1817409 
 80  80  .1808767 
 81  81  .1801614 
 82  82  .1794578 
 83  83  .1787654 
 84  84  .1780841 
 85  85  .1774134 
 86  86  .1767531 
 87  87  .176103 
 88  88  .1754627 
 89  89  .1748319 
 90  90  .1742105 
 91  91  .1735982 
 92  92  .1729948 
 93  93  .1724 
 94  94  .1718137 
 95  95  .1712355 
 96  96  .1706654 
 97  97  .1701031 
 98  98  .1695485 
 99  99  .1690013 
 100  100  .1684614 
 101  101  .1679479 
 102  102  .167441 
 103  103  .1669406 
 104  104  .1664465 
 105  105  .1659586 
 106  106  .1654768 
 107  107  .1650008 
 108  108  .1645307 
 109  109  .1640662 
 110  110  .1636072 
 111  111  .1631537 
 112  112  .1627055 
 113  113  .1622625 
 114  114  .1618246 
 115  115  .1613917 
 116  116  .1609637 
 117  117  .1605405 
 118  118  .160122 
 119  119  .1597081 
 120  120  .1592988 
 121  121  .1588939 
 122  122  .1584933 
 123  123  .158097 
 124  124  .157705 
 125  125  .157317 
 126  126  .1569331 
 127  127  .1565531 
 128  128  .156177 
 129  129  .1558048 
 130  130  .1554363 
 131  131  .1550715 
 132  132  .1547104 
 133  133  .1543528 
 134  134  .1539987 
 135  135  .153648 
 136  136  .1533007 
 137  137  .1529568 
 138  138  .1526161 
 139  139  .1522786 
 140  140  .1519443 
 141  141  .1516131 
 142  142  .151285 
 143  143  .1509599 
 144  144  .1506377 
 145  145  .1503185 
 146  146  .1500021 
 147  147  .1496885 
 148  148  .1493778 
 149  149  .1490697 
 150  150  .1487644 
 151  151  .1484434 
 152  152  .1481252 
 153  153  .1478098 
 154  154  .1474971 
 155  155  .1471871 
 156  156  .1468797 
 157  157  .1465749 
 158  158  .1462727 
 159  159  .145973 
 160  160  .1456759 
 161  161  .1453811 
 162  162  .1450888 
 163  163  .1447988 
 164  164  .1445112 
 165  165  .1442259 
 166  166  .1439429 
 167  167  .1436622 
 168  168  .1433836 
 169  169  .1431073 
 170  170  .1428331 
 171  171  .142561 
 172  172  .1422911 
 173  173  .1420232 
 174  174  .1417573 
 175  175  .1414935 
 176  176  .1412317 
 177  177  .1409718 
 178  178  .1407139 
 179  179  .1404579 
 180  180  .1402038 
 181  181  .1399515 
 182  182  .1397011 
 183  183  .1394524 
 184  184  .1392056 
 185  185  .1389606 
 186  186  .1387173 
 187  187  .1384758 
 188  188  .1382359 
 189  189  .1379977 
 190  190  .1377612 
 191  191  .1375263 
 192  192  .1372931 
 193  193  .1370615 
 194  194  .1368314 
 195  195  .136603 
 196  196  .136376 
 197  197  .1361506 
 198  198  .1359267 
 199  199  .1357043 
 200  200  .1354834 
 201  201  .1352441 
 202  202  .1350064 
 203  203  .1347703 
 204  204  .1345357 
 205  205  .1343027 
 206  206  .1340713 
 207  207  .1338413 
 208  208  .1336129 
 209  209  .1333859 
 210  210  .1331604 
 211  211  .1329364 
 212  212  .1327138 
 213  213  .1324926 
 214  214  .1322728 
 215  215  .1320544 
 216  216  .1318374 
 217  217  .1316217 
 218  218  .1314074 
 219  219  .1311944 
 220  220  .1309827 
 221  221  .1307723 
 222  222  .1305632 
 223  223  .1303553 
 224  224  .1301488 
 225  225  .1299434 
 226  226  .1297393 
 227  227  .1295365 
 228  228  .1293348 
 229  229  .1291343 
 230  230  .128935 
 231  231  .1287369 
 232  232  .1285399 
 233  233  .1283441 
 234  234  .1281494 
 235  235  .1279559 
 236  236  .1277634 
 237  237  .1275721 
 238  238  .1273818 
 239  239  .1271927 
 240  240  .1270046 
 241  241  .1268175 
 242  242  .1266315 
 243  243  .1264465 
 244  244  .1262626 
 245  245  .1260797 
 246  246  .1258978 
 247  247  .1257169 
 248  248  .125537 
 249  249  .125358 
 250  250  .1251801 
 251  251  .1250031 
 252  252  .124827 
 253  253  .1246519 
 254  254  .1244777 
 255  255  .1243045 
 256  256  .1241321 
 257  257  .1239607 
 258  258  .1237902 
 259  259  .1236206 
 260  260  .1234519 
 261  261  .123284 
 262  262  .123117 
 263  263  .1229509 
 264  264  .1227856 
 265  265  .1226211 
 266  266  .1224575 
 267  267  .1222948 
 268  268  .1221328 
 269  269  .1219717 
 270  270  .1218114 
 271  271  .1216519 
 272  272  .1214932 
 273  273  .1213352 
 274  274  .1211781 
 275  275  .1210217 
 276  276  .1208661 
 277  277  .1207113 
 278  278  .1205572 
 279  279  .1204038 
 280  280  .1202512 
 281  281  .1200994 
 282  282  .1199482 
 283  283  .1197978 
 284  284  .1196481 
 285  285  .1194992 
 286  286  .1193509 
 287  287  .1192033 
 288  288  .1190564 
 289  289  .1189103 
 290  290  .1187648 
 291  291  .1186199 
 292  292  .1184758 
 293  293  .1183323 
 294  294  .1181895 
 295  295  .1180473 
 296  296  .1179058 
 297  297  .1177649 
 298  298  .1176247 
 299  299  .1174851 
 300  300  .1173462 
 301  301  .1171953 
 302  302  .1170451 
 303  303  .1168956 
 304  304  .1167468 
 305  305  .1165986 
 306  306  .1164512 
 307  307  .1163044 
 308  308  .1161582 
 309  309  .1160128 
 310  310  .1158679 
 311  311  .1157237 
 312  312  .1155802 
 313  313  .1154373 
 314  314  .115295 
 315  315  .1151534 
 316  316  .1150123 
 317  317  .1148719 
 318  318  .1147321 
 319  319  .114593 
 320  320  .1144544 
 321  321  .1143164 
 322  322  .114179 
 323  323  .1140422 
 324  324  .113906 
 325  325  .1137704 
 326  326  .1136353 
 327  327  .1135008 
 328  328  .1133669 
 329  329  .1132336 
 330  330  .1131008 
 331  331  .1129686 
 332  332  .1128369 
 333  333  .1127058 
 334  334  .1125752 
 335  335  .1124451 
 336  336  .1123156 
 337  337  .1121867 
 338  338  .1120582 
 339  339  .1119303 
 340  340  .1118029 
 341  341  .1116761 
 342  342  .1115497 
 343  343  .1114238 
 344  344  .1112985 
 345  345  .1111737 
 346  346  .1110493 
 347  347  .1109255 
 348  348  .1108021 
 349  349  .1106793 
 350  350  .1105569 
 351  351  .1104351 
 352  352  .1103137 
 353  353  .1101927 
 354  354  .1100723 
 355  355  .1099523 
 356  356  .1098328 
 357  357  .1097137 
 358  358  .1095951 
 359  359  .109477 
 360  360  .1093593 
 361  361  .1092421 
 362  362  .1091254 
 363  363  .109009 
 364  364  .1088932 
 365  365  .1087777 
 366  366  .1086627 
 367  367  .1085482 
 368  368  .108434 
 369  369  .1083203 
 370  370  .108207 
 371  371  .1080942 
 372  372  .1079817 
 373  373  .1078697 
 374  374  .1077581 
 375  375  .1076469 
 376  376  .1075362 
 377  377  .1074258 
 378  378  .1073158 
 379  379  .1072062 
 380  380  .1070971 
 381  381  .1069883 
 382  382  .10688 
 383  383  .106772 
 384  384  .1066644 
 385  385  .1065572 
 386  386  .1064504 
 387  387  .106344 
 388  388  .1062379 
 389  389  .1061323 
 390  390  .1060269 
 391  391  .105922 
 392  392  .1058175 
 393  393  .1057133 
 394  394  .1056095 
 395  395  .105506 
 396  396  .1054029 
 397  397  .1053002 
 398  398  .1051979 
 399  399  .1050958 
 400  400  .1049942 
